	Iozone: Performance Test of File I/O
	        Version $Revision: 3.489 $
		Compiled for 64 bit mode.
		Build: linux-AMD64 

	Contributors:William Norcott, Don Capps, Isom Crawford, Kirby Collins
	             Al Slater, Scott Rhine, Mike Wisner, Ken Goss
	             Steve Landherr, Brad Smith, Mark Kelly, Dr. Alain CYR,
	             Randy Dunlap, Mark Montague, Dan Million, Gavin Brebner,
	             Jean-Marc Zucconi, Jeff Blomberg, Benny Halevy, Dave Boone,
	             Erik Habbinga, Kris Strecker, Walter Wong, Joshua Root,
	             Fabrice Bacchella, Zhenghua Xue, Qin Li, Darren Sawyer,
	             Vangel Bojaxhi, Ben England, Vikentsi Lapa,
	             Alexey Skidanov, Sudhir Kumar.

	Run began: Sat Jun 29 17:51:41 2024

	Auto Mode
	Command line used: iozone -a
	Output is in kBytes/sec
	Time Resolution = 0.000001 seconds.
	Processor cache size set to 1024 kBytes.
	Processor cache line size set to 32 bytes.
	File stride size set to 17 * record size.
                                                              random    random     bkwd    record    stride                                    
              kB  reclen    write  rewrite    read    reread    read     write     read   rewrite      read   fwrite frewrite    fread  freread
              64       4   942521  1638743  3958892  8182586  5860307  4018152  3791156   5389653   6421025  4274062  4274062  6421025  7100397
              64       8  1336792  4564786  7940539  9006179  7940539  5389653  6421025   2133730   7100397  4643754  5283570  8182586 10402178
              64      16  1279447  5283570 10402178  9318832 10821524  6421025  7100397   7940539  12310336  5860307  7100397 10402178 12902017
              64      32  1163036  4897948 10402178  7100397 12902017  2561267  9006179   7940539  10821524  5283570  9006179 10402178 15972885
              64      64  1304314  4897948  7940539 15972885 12902017  7100397  9006179   7100397   7940539  4897948  5283570  9006179 12902017
             128       4  1377278  3895854  6727225  6727225  6114306  4135958  4135958   5122535   5122535  2969325  4012317  7082197  8036304
             128       8  1705404  5122535  9129573  7582312  8036304  5122535  5545860   6727225   8036304  5122535  5325799  7917784  9795896
             128      16  1642783  3468030  9129573  6114306  7917784  5847904  6727225   7082197   9795896  5545860  5545860  9129573 10567140
             128      32  1727352  5122535 10779307  8548124 11470204  6406138  7476717   7176872  11470204  3867787  7082197  9977956 12842051
             128      64  1727352  5122535  9129573 11720614 10567140  6114306  8548124   7917784   9795896  2985839  9795896  8548124  9795896
             128     128  1561553  2420455  7917784 14200794 11720614  7082197  9129573   6727225   9795896  6406138  6406138  9977956 14200794
             256       4  1327564  3236056  5938650  6936061  5455847  3994490  3935921   5142301   5117791  4132864  3879045  5938650  6595234
             256       8  1525622  4264168  8271916  6398720  7120034  5022044  5428265   6554972   6936061  5022044  4132864  7965107  9114515
             256      16  1778290  5117791  9192546  7518900  9518507  5938650  6398720   6595234   9518507  4132864  5455847  9192546 10651598
             256      32  1814348  4929815 10245071  6936061  9192546  4572895  8208677   8815202  12812277  4496299  6213578 10245071 11695808
             256      64  1855098  4197489  9114515  8271916 11695808  6719046  9868433   9114515  12812277  6891544  8024634  9434868 12812277
             256     128  1842366  5687020  8271916  9192546 10651598  6891544  8815202   7965107  11091721  2975955 10651598 10245071 12812277
             256     256  1361224  5971678  8534922 14164395 14353744  6073004  9778562   7314033  10245071  5687020  7314033 11569783 14353744
             512       4  1361057  4228947  6571132  7410080  5744919  3849877  4340054   5177083   5331314  4131319  3849877  5870558  6319739
             512       8  1759070  4650188  8528336  5760329  7115451  4973263  5177083   6736026   7309196  4660280  4571003  8265729  9145790
             512      16  1747618  5453155  8234036  6736026  8808176  5227492  6414119   7115451   7871843  5227492  4871723  8394979  8528336
             512      32  1842059  5019764  8394979  7211022  9859630  6319739  7758090   7871843  10694336  5227492  5439343  8955098 10694336
             512      64  1854787  5624545  9304292  7871843 10641343  6086873  9638369   8265729  11374040  5886650  6319739  9859630 11138071
             512     128  1815584  5164632  8992598  8844453 10641343  6104175  8992598   8394979  11620224  6551087  6319739  8665997 10044089
             512     256  1924603  4384358  8109658  8808176 10911694  6551087  9304292   8018812  10641343  3393590  9510316 10235583 11620224
             512     512  1140576  4195896  4784885  7758090  7540170  3768799  6472112   6414119   9681823  5886650  6174377  9304292 11138071
            1024       4  1291406  3738636  6519323  6529233  5417427  3778101  4282950   5226256   5479632  4095102  3999762  6529233  6519323
            1024       8  1835608  3999762  8183918  6830356  7685976  4898425  6059442   6744549   7472033  4694950  4195100  7269678  8000971
            1024      16  1917562  5251818  8183918  6650556  8750850  4570058  7160597   7269678   8326715  5042191  4783849  8542002  9300377
            1024      32  1872419  5120336  9655828  7208671 10039528  5991815  7524394   8061038   9320560  5479632  5424269 10454984 11489839
            1024      64  1950656  5444898 10039528  7208671  9402175  6244448  9655828   8122014  11398360  6479979  5950309 10557785 11018226
            1024     128  1973059  5623115 10158253  8061038 11018226  5417427 10134284   8457895  12348754  6093831  6441107 12037272 10429596
            1024     256  1954207  5593820  9743447  8593274 10878686  6244448 10329265   8457895  11645609  6280976  6744549 10230845 10662628
            1024     512  1939207  5226256  7941793  8970167 11249091  6599461  9220512   7160597   9655828  3483896  8914314  8610501 10039528
            1024    1024  1756772  5175871  6479979  9320560  9064828  5593820  8391792   5758828   9064828  5682634  5623115  8822754  9240349
            2048       4  1307685  3617110  6058611  6563185  5267294  3848872  4178378   4772701   5403134  4023754  3744839  6321679  6397004
            2048       8  1799766  4643695  7609754  6759439  7318020  4807425  6041567   6649556   7444871  4500161  4500161  7969835  8159088
            2048      16  1912356  5068389  9062970  6603549  8456277  5238385  7496851   7213548   9228493  5503525  5582208  9268323  9268323
            2048      32  1967097  5131978  9140117  6440169  9024882  5769681  8128206   7903836   9796850  5119743  5376082  9610516  9796850
            2048      64  1973424  5349298  9525260  7393606 10555264  6154104  9441504   8498106  10607402  5521212  5704543 10452512 10673302
            2048     128  1978424  6189580 10131961  7582884 10834854  6397004 10389302   8678404  11502234  5864214  5937172 10503637 10959265
            2048     256  1990343  6280083 10339282  7999524 10959265  6382745 10889797   8600205  11900619  5848244  6114678 10834854 11260973
            2048     512  1950570  5754221  8722466  7698414 10037248  5735012  9796850   7636816  10780463  5800851  6243566  9389900 10834854
            2048    1024  1965297  5611381  7582884  7670915  9189005  5738844  9062970   5953632   9062970  3799501  7670915  8793903  9140117
            2048    2048  1620190  4231899  6440169  9062970  8565901  5521212  8678404   5704543   8784909  5607718  5492967  8713618  8903279
            4096       4  1353512  3831537  6291135  6638778  5292944  3751222  4235870   5013377   5360658  3950479  3846119  6321227  6068897
            4096       8  1737129  4628439  8142867  6693092  7314299  4696769  5996870   6585338   7473388  4541567  4471821  8308260  8276241
            4096      16  1813981  4853336  9105266  6930704  8443002  5319164  7545601   7212959   8569343  5332372  5025108  9081201 10065509
            4096      32  1913167  5204750  3433360  2584291  3477139  2033889  4904602   5794602   7050159  3764373  3387995  6861502 10136778
            4096      64  1921082  6103394  9795765  7542289  9756822  6149271  9287391   8677553  10400659  5611025  5625724 11281721  9943171
            4096     128  1916795  6032669  9105266  7161842 10612681  6321227 10065509   8625273   9995236  5404504  5726993 10239486 10476771
            4096     256  1891888  2416362  9891647  7108502 10612681  5996870  9874590   7939654  12264277  5587302  5565581 10344298 10270092
            4096     512  1761711  4676314  7906767  6826060  9636422  5664678  9042961   7683972  10586522  5184332  5468151  9042961  9891647
            4096    1024   655249  4079948  5572803  5347310  6941906  4249491  6839648   6545196   8920873  5204750  5704175  8548024  8127459
            4096    2048  1808253  2061467  2874423  2935823  3730046  2590526  7499487   5319164   8142867  3096138  7123239  8292220  7983931
            4096    4096  1526040  4452120  6068897  8586475  8569343  5211065  8463799   5447345   8603675  5565581  5594580  8476327  8047509
            8192       4   911137  2555044  4185717  4503356  4970447  3673735  3987989   5129233   5245116  3749505  3721887  6068689  6090202
            8192       8  1719981  4882166  7875605  6215800  6901200  4576535  5880691   6792065   6859866  4521133  4323172  7742506  7654539
            8192      16  1812049  4813767  8022717  6390362  7846828  5200658  7199064   7080386   8086916  4899570  4807705  8480105  9083135
            8192      32  1889371  4875931  8436380  6527546  8498983  5721087  8216483   8596799   9194949  5129233  5244315  9502650  9614327
            8192      64  1959292  5520695  9362822  6832584  8971666  5838720  9002223   8885819   9319649  5224380  5084451  8934340  8983394
            8192     128  1877088  4836126  8471741  6638529  9834473  6022946  3429182   3111222   3715447  4031505  4235769  8471741  9671156
            8192     256  1906882  5041185  8291831  6501608  9603578  6072979 10038471   8846925  10303370  5287898  5400092  9185117  9625100
            8192     512  1920310  5022761  8384911  6600272  8732257  5780764  9276873   7712960  10867125  4881472  4923441  8507400  9121717
            8192    1024  1864862  5056765  7735533  6131500  8705708  5569014  8283835   6715075   9143564  4513413  4734829  7846828  7920995
            8192    2048  1837143  4522919  6643663  2612350  3410461  3338228  5191229   5534924   8770148  4571055  4884942  6623173  6895660
            8192    4096  1792575  4170981  5724900  6321001  7502444  5066458  7440706   5443725   7855798  1894998  3367015  5851647  6532510
            8192    8192  1587289  3967268  4849778  6682426  6786699  4569232  6930432   4893987   6415419  4861443  4439927  6177802  6616796
           16384       4  1398078  3474224  5073867  4961764  3950801  2921025  3385061   5175124   3962419  3159253  3540998  5107429  5161907
           16384       8  1702207  3977787  6289072  5492370  5580685  3964248  5039634   6747917   5620394  3876804  3899905  6147850  6187150
           16384      16  1751537  4370132  6933793  5548244  6430310  4508617  6005999   7275131   6488597  4277907  4431568  7077327  7369534
           16384      32  1859705  4646722  7295211  5686906  7123547  4909654  7013761   7988959   7393320  4551318  4495051  7356911  7343546
           16384      64  1800456  2062730  6750568  5206097  6818216  4886264  4514838   5830698   7440550  4602221  4646722  7645856  7941872
           16384     128  1845422  4957469  7386168  5851550  7721458  4973975  7427682   8775530   7430895  4598525  4724349  7570887  7680895
           16384     256  1854636  4669138  7132419  5624535  7301412  5047407  7731883   9116642   8179131  4796231  4669138  7929958  8007577
           16384     512  1884077  4848685  7183116  5690674  7397299  5014993  7255927   7666328   7278213  4230503  4294482  7236824  7327103
           16384    1024  1774101  4252230  6189936  5024159  6499029  4725649  6564213   6840613   9164056  3927095  4077628  6660280  6801345
           16384    2048  1837576  4523456  6297141  5366275  6759200  4690491  6679052   6355378   9256637  3913898  4085871  6206148  6427303
           16384    4096  1787251  4213900  5868040  5336686  6432718  4442455  6363028   5730536   8962078  4185922  4459174  5923170  6157214
           16384    8192  1686085  3683346  4924430  5355819  5910943  4243303  4782213   4163856   6047756  3155627  4685055  5041113  5534838
           16384   16384  1577335  3877897  4208481  5417891  5509102  3823525  5256271   4147771   5407233  4115479  4079807  5443210  5511311
           32768      64  1193649  4614553  7294749  5713575  7036313  4566259  7140499   8175631   7275441  4235693  4356253  7434032  7462692
           32768     128  1764190  4617809  6730009  5263076  6879926  4357496  7003328   9115315   7339156  4261698  4440704  7586687  7654290
           32768     256  1841091  4707489  7395232  5766071  7307548  4814512  7587106   8694372   7590458  4320104  4387683  7682958  7892075
           32768     512  1805300  4683746  6747852  5445109  7021216  4647949  6889928   7560811   6681912  3787782  3971328  7000474  6515916
           32768    1024  1810579  4364415  6255811  5098488  6468078  4453367  6344174   6265507   6378919  3741076  3839741  6401201  6472038
           32768    2048  1825732  4168883  6091664  4951183  6123964  4110409  6308936   6749178   9333204  3753029  3846942  6330731  6452894
           32768    4096  1789830  4169516  5446835  5025593  6228594  4218402  6182643   6046906   9084587  3738939  3905535  6060237  6003587
           32768    8192  1690811  4102189  5527671  4883453  6100858  4054987  5956750   5035905   6819503  3747503  3760834  5448563  5990503
           32768   16384  1673374  3711877  4389505  4595267  5217720  3780385  5214354   4059059   5241199  3007890  4174835  4890055  5060007
           65536      64  1651614  4623697  7293937  5725691  7009186  4410267  7071941   8725228   7247015  4265852  4272549  7529497  7560562
           65536     128  1780057  3341988  7295486  5649669  7234998  4526914  7425358   8717204   7437211  4213992  4237966  7590417  7538997
           65536     256  1835127  4598404  7460829  5912649  7649775  4702239  7327184   8945575   7500119  4100586  2852886  5339840  7043851
           65536     512  1759547  4478019  6465006  5243279  6589930  4292632  6704370   7924566   6766091  3806234  3916822  6768757  6750637
           65536    1024  1780472  4182827  6244556  5074374  6390606  4255088  6441524   6963023   6373861  3647782  3702218  6226168  6264765
           65536    2048  1815048  4231963  6159893  4999706  6068640  4089361  4150992   6806805   6342389  3657392  2564188  6329537  6352796
           65536    4096  1812643  4105485  6037450  5061014  6197810  4164198  6288845   6479789   9136464  3457070  2712357  3994400  6217718
           65536    8192  1697869  3977408  5506279  4891779  5873860  4006335  5352525   5293666   7356008  3286487  3286644  5669712  6178030
           65536   16384  1693705  3543848  4490969  4557462  5138019  3674602  3567720   4025285   5348151  3205131  3141863  4734963  5003529
          131072      64  1386155  4527242  7176143  5632178  6863128  4381613  6987520   8463405   6931750  3956648  4114790  6559173  7340569
          131072     128  1785160  4278894  7274037  5649657  6953054  4324944  6996057   8731715   7208890  4231957  4154028  7437997  7437091
          131072     256  1800884  4533477  7049524  5610966  7091902  4415716  7227181   8848503   7154198  4035592  4052190  7416023  7367721
          131072     512  1795896  4287169  6501615  4116454  6487421  4304760  6617121   8161360   6603450  3817117  3732654  6638937  6662188
          131072    1024  1787743  4239757  6176559  5009447  6132874  4077042  6162642   7088884   6236183  3597623  3611995  6111670  6321953
          131072    2048  1764708  4144164  6126313  4984286  6144115  4156949  6283440   7046181   6123447  3590410  3587762  6206053  6286457
          131072    4096  1763548  4155096  6158569  5027129  6284948  4148636  6232012   6788549   6373847  3563946  3489564  5914799  6216368
          131072    8192  1714526  3925010  5744766  4935290  5990987  4069437  5933504   5493393   7510447  3351376  3169903  5894821  6168727
          131072   16384  1685164  3547182  4607878  4284096  5238473  3780890  4553642   3932900   5409289  2941604  2906964  4759716  5133020
          262144      64  1370759  4102413  7466170  5751191  6919658  3871399  7032697   8775887   6519379  3892093  3748610  7648946  7500959
          262144     128  1668622  4073912  7523800  5769782  7275135  4007451  7273932   8727404   6285085  3742829  3838181  7676020  7698323
          262144     256  1562017  4157717  7440101  5819868  7319595  4088789  7466779   8963399   7554610  3708417  3698052  7498605  7598570
          262144     512  1588520  3941356  6139374  5302050  6663916  3952421  6704796   8606757   6737707  3420902  3487393  6818304  6853579
          262144    1024  1653165  3805423  6139785  4981075  6190985  3731207  6277693   6455305   6121429  3257138  3322271  6287349  6333964
          262144    2048  1609440  3802830  6224350  5071248  6242124  3757898  6299128   7024789   6336117  3312831  3278397  6328022  6321001
          262144    4096  1626535  3783776  6270175  5100371  6283864  3831280  6383164   6842192   6268566  3234668  3237706  6356851  6383461
          262144    8192  1618633  3711935  5945658  4973324  6154770  3781043  6148540   5890899   6186283  2883459  2921088  6024628  6269317
          262144   16384  1591587  3363019  4817394  4321167  5308603  3287199  5014514   4167234   5519392  2638833  2567447  5024046  5438097
          524288      64  1330896  3876981  7635794  5893264  7099078  3576049  7153998   8642471   7340407  3645929  3631329  7782340  7805294
          524288     128  1535191  1468655  7777028  5911006  7457126  3399415  7489636   8807126   7622005  2816286  3559005  7945200  7171519
          524288     256  1545934  3916484  7739148  5764893  7499137  2142863  7671864   9074505   7782918  3556035  3533249  7912096  7303157
          524288     512  1535277  3700689  6795439  5420401  6758555  3546418  6860974   7967654   6866265  3282977  3314943  7110049  7019246
          524288    1024  1561924  3675681  6444613  5158892  6393832  3623448  6532622   7047365   6635459  3222541  3198282  6464638  6499086
          524288    2048  1539600  3647906  6393144  5095169  6383957  3498733  6501431   6977397   6532215  3229944  3234267  6539947  6546157
          524288    4096  1541651  3660439  6416987  5022919  6315732  3564549  6513389   6345383   6570430  3162916  3049959  6523920  6533185
          524288    8192  1503994  3530413  6278747  5110824  6274913  3558694  6081944   5505888   6115433  2872873  2748631  6326871  6419909
          524288   16384  1451879  3297183  5060055  4357048  5390188  3223056  5356706   4343433   5602138  2531398  2526155  5268007  5535604

iozone test complete.
